327
2708
2133
1423
1725
452
1613
4003
2937
847
2391
4014
4659
4305
2940
1809
1898
4659
1552
2053
2470
1529
375
80
4065
2706
2720
3009
3461
2239
2057
524
2493
1813
1035
3344
1534
1428
1038
946
3937
3971
3923
1142
4755
4041
893
1842
4537
1589
595
4810
1833
2025
2159
2701
2579
2250
60
1999
1759
41
104
3316
4537
1682
3644
2373
2407
812
4323
3408
3362
1693
1371
4677
2971
147
4128
3320
4685
1004
3272
4291
4677
2498
2594
1314
2814
3634
2706
2412
3704
2995
4009
2204
2714
917
4296
4886
1793
4274
2468
2499
1918
1629
2289
4488
3439
4622
1791
1335
3318
1848
4143
1045
803
2122
1165
2943
1491
4435
4466
625
3682
3935
3019
969
129
3059
35
3463
3231
4022
4115
2508
280
1996
1868
502
1126
4318
4760
2995
64
4439
4020
4941
3692
1177
4559
4448
1384
3317
2882
1164
116
2794
2479
3402
2932
2281
2710
751
3418
3214
2008
969
1528
2740
4719
1229
3213
2164
1968
3478
2709
3400
1326
1127
736
626
769
1856
347
4971
1910
2382
2189
3506
2460
996
4315
2464
4901
2706
3634
986
2704
4933
3222
4116
639
4407
2633
3642
1000
3311
1887
2276
3964
2918
1931
2713
1570
4077
695
3352
3923
1176
2510
2676
4387
1031
2031
2303
4851
2162
2372
4617
3301
4302
4480
1356
3512
782
1766
495
569
2442
1430
146
4596
2170
3293
3669
2667
171
906
2558
1104
76
70
4069
946
1473
3147
4729
1125
4177
1956
3945
3145
325
43
2213
60
638
3984
3038
1011
3023
1826
428
1677
2926
2442
288
3523
1246
1402
3478
1264
4086
943
4961
3449
4389
2869
1684
2806
3577
2146
1712
2964
131
467
1370
1133
4384
1927
3715
3940
3652
915
4190
2013
1084
2138
4917
351
1683
2502
4497
4128
2136
3708
2990
1877
137
3971
1820
863
375
3552
551
3203
3395
1285
354
4310
2109
1158
667
3735
4150
4881
3304
1123
3613
3694
1497
2255
3355
4612
3358
2084
4738
4672
2744
148
4060
2937
91
3348
3575
1148
1952
3798
2126
422
4669
2175
3216
905
1742
1506
858
1475
973
1816
3020
3310
3288
964
3564
361
4819
4753
1290
2210
571
2449
2708
2110
3428
3511
2997
2664
3178
2408
3191
3625
4147
3180
1958
2400
88
4394
1893
4091
1861
2468
3690
2253
3986
4979
3859
609
897
1485
4503
3796
1441
2377
4880
4925
3722
2248
1392
4472
2561
2628
939
34
3316
766
2026
4665
3373
2817
4314
3343
958
1139
3019
1091
3845
4938
1609
2454
1204
2267
4797
2492
1496
3958
381
2237
4360
615
3485
4875
587
2709
1758
4840
4613
3975
3131
3633
2997
1050
1127
2515
2724
4176
4633
2776
4574
4170
3750
854
330
1838
1605
1982
2937
858
4868
4309
1283
131
940
1937
4855
512
2331
14
1583
2974
1810
3841
1540
2100
123
7
2567
4491
3039
2903
4404
4532
4545
337
2056
4945
2406
4787
3485
567
2487
3653
1556
2348
37
362
920
4707
949
2874
4800
3863
2852
3427
265
2109
157
4009
4972
1841
4627
1907
4807
2894
3136
4364
2904
1664
4177
2092
4890
3161
4785
2027
4618
1880
4619
813
843
4012
4118
752
4870
1260
2157
3864
1627
3246
4526
1640
3287
1101
4967
3175
524
2540
1639
341
3084
2754
3066
1532
4182
1750
1369
1096
3292
2311
1990
1746
3818
1250
3063
1
4207
102
4627
1732
47
4472
4934
3617
1051
2757
1245
4451
206
2748
1972
294
4960
3989
337
2666
2407
883
2198
4504
233
3163
3404
1038
3168
1308
3177
881
885
8
2254
874
4066
1377
1222
831
1191
3063
2297
4910
3902
877
2243
2886
3559
3601
3120
1557
4600
451
1156
1700
2269
2167
2808
122
1706
811
1379
1073
3791
1735
3253
1894
1537
2747
4996
2392
3530
962
3377
131
2327
1606
2623
2424
3431
199
2056
4907
4882
1237
1158
4989
2589
2413
3329
505
1693
2109
220
1573
3087
1234
87
4550
158
1617
3542
4972
2987
2799
2791
3784
1028
3220
4931
1629
3415
961
4205
2591
1904
2889
1510
1636
900
2344
564
920
801
3887
781
3838
3702
1656
2205
746
4944
3478
3803
1105
2263
3027
2101
4649
3661
2701
3445
2158
3799
2770
4980
398
4966
3924
3419
757
3391
2135
1093
365
2137
4530
676
4358
1549
3897
186
783
668
74
3026
3938
2715
2986
2924
4106
1369
4619
3547
1266
4656
4001
983
2814
3569
1063
3503
3525
1370
1814
3804
3180
1837
665
3948
1084
576
611
3549
4460
826
1216
3441
4755
2174
1140
3233
2476
4628
403
2872
363
751
3392
1110
4484
571
2966
1797
3590
4614
4186
92
4892
1052
2286
548
3659
3000
2484
4991
62
4401
3243
713
2080
2342
4801
4392
2503
3075
1201
61
1526
4396
4472
3244
4542
2847
4173
1133
783
2348
2449
3652
2441
1948
4479
3968
710
2524
3696
339
1023
3789
3483
4739
577
1785
977
1180
827
4593
2586
2533
1987
1060
2167
258
633
1763
4970
4643
3179
255
1248
1662
3133
2313
4248
2914
3869
2914
4389
1260
2659
1493
3659
1388
2002
3750
3994
106
4254
3680
103
2823
3884
585
4436
2532
729
3888
1444
4336
2444
3216
1745
621
3836
4425
2406
568
2990
4505
2161
506
1479
767
650
774
4153
914
3438
2466
3766
2922
3484
3452
4837
376
803
1876
3630
944
2889
2258
4153
4617
3819
3176
3071
4051
4014
489
4593
3093
3838
2348
1128
2584
4957
1566
4765
4137
4721
2454
1173
2629
295
2151
3264
2779
2118
4841
2421
4496
1855
2979
3206
934
3987
3357
4694
2387
4619
1728
3912
4999
2483
4794
3814
3215
1862
1806
1035
2062
231
3748
1318
4863
3800
4889
2416
3120
2478
2132
1467
891
864
4189
816
892
3435
3635
2199
2463
3533
2684
4997
2554
4322
1670
197
1487
3126
2812
1929
140
510
2010
3262
3192
2525
2351
339
1331
4197
21
1448
2113
4678
1577
2274
2958
3009
3506
4324
4137
658
4070
3273
4054
4298
3100
2493
2197
4050
954
3132
3183
4515
4635
2932
4831
3344
4687
2311
4837
1104
551
3484
813
1332
2730
1216
3248
4649
2608
1212
2290
3637
3038
3978
3066
2337
2415
1865
2897
1183
1674
1270
2692
2130
4483
1390
1883
2887
609
659
4788
1783
3254
719
4935
1201
558
4613
331
2763
1912
658
2738
4956
338
4638
3649
2924
2091
4520
4882
4400
131
4969
3585
2518
943
2373
4765
679
3193
1563
926
2007
1363
480
672
1031
2848
1347
734
2373
191
1476
1631
4077
4170
351
3532
584
4364
2369
2853
3456
317
3103
768
4686
1901
3054
19
2566
4625
2165
2233
2809
275
3469
4559
2536
78
740
4463
3842
2707
1695
3363
240
654
93
2277
1467
3533
1130
767
223
4696
4655
2028
520
4971
4564
2846
2203
4911
1278
4718
3629
4169
3806
2209
598
4156
4422
4809
107
2952
3857
4650
4911
1047
1214
2299
3386
3843
3806
2934
2677
343
1598
2484
3549
2991
1446
4139
2183
2270
1210
4428
765
773
540
56
4735
4116
1756
4325
347
2762
1750
4559
4197
4699
3354
2911
3174
636
3555
4095
4173
4131
1501
36
2770
2983
3622
3917
3581
3939
4349
749
3223
4077
967
3831
3431
287
1375
84
4203
2784
47
1928
622
1250
4564
3867
4943
3703
3458
4780
1555
153
2346
3666
450
4869
2495
1820
2676
402
1165
3726
2651
3808
2737
4558
1961
3486
3734
1371
3792
1296
2246
1274
2348
2849
4762
2178
4378
2154
4861
4667
2185
347
3478
2978
419
2501
1132
417
3416
1796
1195
1317
183
2312
879
305
4283
2203
3888
4501
2380
924
1832
3329
2934
3922
3570
2428
863
2238
3168
658
4491
3628
3988
1365
1057
1551
4544
3149
3440
2998
3314
3072
2357
4292
3282
1501
4334
2694
2365
1505
2437
49
4236
3244
1512
1910
2592
2896
3726
2410
4794
30
1787
396
4752
4829
4541
1741
4473
1427
3221
1085
2479
3347
2432
191
4877
2119
3894
941
4208
2646
3954
4116
4325
4858
3614
698
2383
4950
2283
1946
2337
1147
2936
832
3719
1740
1510
2664
4306
1027
2005
1818
292
2184
3499
2112
1443
1203
2052
3794
2065
4149
4992
4552
1360
1599
190
3793
3216
2485
79
1226
2045
3844
3787
1675
2959
3072
1835
3146
1653
2139
768
813
1198
4995
4667
3631
2512
481
3149
4775
2348
418
4172
596
4454
4020
3955
2351
687
362
1652
1462
2407
1986
4599
2978
901
2891
2026
256
879
4106
1436
1633
2088
2526
2259
3287
3248
494
4629
1847
1983
4629
4230
519
1115
4773
3449
4779
3771
689
1955
2368
3028
414
3232
2636
3005
152
4353
4936
4264
3157
1467
4885
634
1071
4343
1471
3003
2235
4726
3963
1334
918
882
4528
1013
727
2006
1148
4963
2398
4442
309
1786
23
1497
4049
2320
4379
2924
2207
3267
1235
3113
1269
3884
4743
4884
3458
4995
1948
2723
1065
1407
698
2948
2275
572
3481
4422
62
996
1613
3407
3144
1658
476
3117
3192
1525
509
1091
303
470
3589
989
171
748
4330
4595
4617
633
3837
3308
2230
1321
1283
2902
1647
4399
4971
474
2787
2573
3912
3544
155
1446
3285
4057
2820
792
2241
3781
2452
406
814
523
1947
4148
271
3381
2824
4576
1689
3994
605
947
1631
4079
2843
3075
295
1751
125
1247
3565
4016
106
3475
2219
1880
3033
1578
4095
2496
1571
2511
1395
1633
3352
840
2923
4124
4951
254
4269
491
4305
1955
2593
1578
4979
4243
4592
4072
887
2373
4835
2682
1837
1042
981
651
3159
3904
615
19
1129
805
2755
1586
2476
4716
491
4468
659
2883
1674
1685
3155
882
2088
2916
3772
2669
2933
281
2779
1668
2077
2115
2468
250
4510
2275
4688
2155
1449
1328
2913
2970
3475
4645
1515
3464
4577
2440
3352
2370
2306
3372
3480
3868
3111
1078
1255
66
2977
2212
3577
4309
1505
3507
1037
831
3238
3857
3134
3148
3560
2094
4153
1691
545
42
893
4801
2912
4840
4286
1576
4378
3072
1092
3953
771
1121
412
1204
1123
195
4445
4127
1318
2876
4667
4539
2630
4982
740
541
1796
4106
2458
4195
371
4883
1711
2647
347
1351
1028
1946
4309
3236
1531
3153
3281
1366
2993
3039
4899
4412
4642
1834
3799
950
3732
3342
2166
152
960
3446
4472
4120
4020
1255
2500
2358
3053
3040
91
4547
1989
376
2712
1421
770
1676
1989
1464
1026
2737
534
3345
3771
2025
2417
3150
2758
320
93
3726
2731
1756
3891
2554
1670
4141
3002
4420
3925
467
3503
3546
1953
4497
1769
4089
4639
4985
2969
2592
2301
1690
922
3543
4926
2864
2662
1905
3418
143
3717
2816
1167
3985
3230
2536
1670
1899
1077
133
4702
2853
1383
4570
1524
662
785
3302
3122
2871
4096
2980
2006
1332
947
864
914
4007
535
481
2284
2795
398
2891
2839
3484
542
2614
3926
1028
3444
4950
2317
1089
1230
2085
2234
134
3215
13
4313
861
1761
2660
2639
1561
4358
2080
520
2148
2698
1773
43
503
3459
1068
4059
682
3067
657
3224
2726
4796
3897
3984
2209
226
1157
1250
689
158
1651
1873
3342
2918
1320
1858
4876
1443
4167
4682
2315
604
1517
4850
4906
1372
4584
4025
4988
4639
3840
1397
1825
3679
2794
2187
3626
2925
3460
1169
4425
3521
622
560
4331
1513
4617
3727
1231
3318
4683
1987
1148
1326
1972
3107
3717
482
2284
2298
3835
2840
3277
967
3680
2425
1574
616
658
4811
3127
2993
2223
3110
2816
785
2874
1392
3778
2323
1702
3557
2287
1372
2783
1331
4372
187
3958
3860
4138
4711
2147
3403
872
4059
3111
521
1258
4
544
2280
1712
3283
4883
2224
1318
2048
1034
846
2463
3374
4290
4167
2926
2836
1619
4355
425
3570
687
4709
1510
1816
2844
2033
361
4504
2793
773
2509
372
691
4101
3928
2298
1955
896
1633
4300
4495
3910
3732
3252
3310
4660
478
2795
2950
438
4681
3120
4614
1135
854
3439
3895
4824
3735
3077
282
2914
445
1966
3516
2265
3301
872
1807
3288
2998
675
4099
2151
1158
126
937
2275
1770
1378
2914
3849
4585
4137
3048
578
4476
3703
364
4012
1032
3265
1746
3171
603
585
1270
3397
1844
1227
3680
3363
2006
4175
1466
1391
2678
2598
931
3461
1766
2578
2694
1743
2126
1842
3794
4022
1597
22
4148
517
4224
1126
960
1027
478
2348
3882
650
1899
1140
3131
2313
3467
1590
3893
1935
1132
1398
4011
2807
3739
4099
1933
3531
575
925
207
4554
2336
4470
4401
386
3199
1533
3238
2018
2399
909
1030
600
374
697
121
1838
3551
1522
3278
3819
4540
3245
1409
580
3625
45
3320
4943
4180
2802
806
1596
3442
4889
3979
2854
1606
3357
299
1836
3315
1436
4727
4715
1501
802
14
4341
3369
3282
3530
4599
4690
4806
3955
4664
1146
2468
2205
192
4314
2468
3823
2050
1465
3996
1058
1771
4541
3539
2086
4564
4659
1535
2458
3235
1706
3257
4279
3933
2101
3892
2219
1927
724
3763
2268
4796
1961
2254
1038
2547
1887
1341
2688
4476
2651
880
1368
1015
3782
2168
420
1207
2926
1314
1116
45
671
3597
1167
3279
3319
2951
3093
4737
2033
1413
2232
364
2899
1344
1747
3420
679
2148
2419
1232
268
2376
2739
3877
3194
3756
1928
3267
1931
859
3634
3056
895
4186
2694
2332
3318
4376
3222
2954
4309
2003
2456
3967
1628
1077
3570
3389
4477
4517
2801
2772
4950
3378
4053
3109
4813
4178
1066
2074
2258
1032
4508
3030
1075
4951
1880
875
4615
3121
4519
1638
2694
4012
1929
2768
3851
4253
4212
2103
4685
4564
2137
4758
4215
4365
505
3305
3889
3627
1470
3500
1117
2473
4680
1512
3508
4567
4559
3167
1291
279
2632
4173
4847
3595
1227
1667
3094
3564
4740
3801
418
166
4852
2857
4702
1114
4213
2051
1728
621
1906
3000
2109
742
4033
4301
2643
2628
1067
2454
2826
4459
2408
4851
4963
4293
1982
1364
3785
4179
3018
1814
995
4931
4214
1364
4972
1105
2032
4522
1882
1376
1536
2428
1252
3731
145
61
714
640
2722
3569
174
3466
1977
1584
2057
169
1525
3562
4170
2040
2856
4714
3602
4151
919
2378
4727
4088
2497
1768
2716
3189
3207
4675
2363
4228
335
3443
4734
3715
1643
3527
1654
934
2159
72
798
792
4684
3166
1433
1544
2345
2616
2929
976
444
4980
4757
61
767
406
3474
4988
3123
4099
1302
3531
72
701
1191
864
1419
1675
1499
1797
4607
1227
3687
2647
4822
4701
2115
642
3194
929
4144
862
2542
4175
1598
4846
2789
1247
3040
4802
3156
3103
3124
1675
3792
2456
173
250
442
62
358
961
2697
3266
2894
219
1012
769
3145
1596
3144
3202
1235
4524
4071
1500
4798
4560
2702
298
2487
2103
1185
3460
4418
2343
1350
2633
1250
3882
1172
4839
2798
2588
3075
167
3684
309
3472
769
1440
617
1705
4514
987
3920
1839
1563
3399
4316
229
3800
2347
3273
2934
4454
326
3123
425
3863
305
3660
1176
1410
1603
2055
2096
3733
4183
3936
4490
1905
3618
2491
1335
3464
2528
240
3354
4268
875
1545
90
951
1433
4827
729
710
2076
2430
1735
3097
1667
2330
122
2874
3162
150
83
324
1853
3011
2804
4060
2180
1599
4722
4559
229
324
4195
863
1041
1067
769
4076
1480
2524
4793
2999
4511
974
4996
2095
3427
4609
3531
966
935
3252
4374
4396
1988
3611
3048
4353
2224
765
2350
3911
1216
3142
4459
1433
1735
677
2251
4785
1753
3733
214
4016
3837
1471
1796
2049
4100
2064
2438
898
1380
4432
4812
4171
950
4023
126
836
4647
807
4163
377
4988
1349
3653
376
161
869
3164
2596
3507
4853
3399
1211
3038
3679
2809
4107
886
1225
4218
749
476
3819
947
3095
2785
1259
1307
139
1941
4032
944
49
953
2499
3787
4060
1383
783
1864
3337
3275
1988
40
4866
3910
1467
764
3653
1570
3740
2596
2832
593
1753
4940
1900
2323
2049
1356
3698
1460
1382
2168
4084
3014
1711
2607
23
653
111
392
3992
3194
1976
3405
85
3997
609
4024
3063
702
2094
1349
348
3954
3801
4929
1086
2226
4408
3114
2069
249
1908
4542
700
3456
1477
520
4109
154
4012
765
2695
2377
3758
65
3400
3541
4413
4329
3086
1941
3928
4089
3305
1512
3609
3453
1209
4463
4372
1653
1930
4379
3607
3622
1037
3063
3431
3259
4348
1659
3315
345
4747
564
3003
1831
1355
2770
2749
3997
2729
2750
188
2766
4254
910
2395
4088
385
3917
1280
2539
12
4185
3584
2189
4531
1996
4484
3268
1267
1294
1885
3785
2057
3463
2147
605
90
3160
2970
4232
816
4260
3857
4414
2541
4478
2006
2219
4129
279
1964
1343
2152
429
2747
320
2266
3378
3448
3
4498
2983
3258
3133
1248
4371
3210
1907
2886
2318
2450
2334
444
1717
1205
4273
934
1650
4252
4783
188
3841
1533
936
1479
3740
856
3295
4792
4975
1316
702
1359
4429
1729
762
4655
4351
1777
730
1994
2742
3625
3703
1623
4260
3209
2876
4517
2778
232
4317
1248
2038
3604
4441
3181
2113
2889
3046
3187
2972
749
120
3432
2682
764
1842
761
858
1575
1287
1201
216
369
3480
1275
1140
2955
521
2061
1903
1100
4309
4846
2621
3978
3083
17
3098
863
3629
3779
3152
809
1520
4874
4815
2571
2458
2607
230
3426
264
99
806
525
803
3406
4053
4220
2555
3731
2928
3109
2623
403
118
3603
161
2414
2122
2887
3797
1094
1776
1710
4811
3337
2303
3722
1987
3110
616
3897
3989
2122
975
842
540
49
1826
1803
3686
2805
3351
2451
2508
260
3016
208
1743
839
764
348
71
2355
1333
1812
3313
3357
4178
3314
4216
3446
3588
2348
4640
2271
3504
727
1423
3716
2331
3666
802
1746
4911
3836
227
311
778
428
4098
3733
2735
2642
169
572
3060
4977
3560
2617
140
1203
3388
102
4052
3879
3004
4024
3623
2931
4314
1676
2134
2925
112
714
743
909
231
682
4389
4875
976
758
1926
3303
1497
2128
421
581
4729
257
4802
4946
1492
2276
4892
1755
1074
4561
468
1484
2879
3617
1895
4234
1665
3061
4184
2580
4921
2137
441
964
2948
866
578
2399
2313
444
4842
1981
4895
2809
1663
3080
235
1776
2890
4708
2567
1517
3308
2514
357
4751
760
4868
1263
4583
4965
619
2292
3882
4757
3141
4530
911
1618
1568
1920
1063
1731
2112
2441
3773
4363
4905
1979
4172
4765
1097
4655
1198
1290
1603
4332
1392
1860
2740
505
4365
2043
3485
1083
2710
3149
4712
3472
3607
1789
4394
4682
1174
1609
4537
1203
856
2768
1586
4340
4899
854
1255
3214
4103
4393
150
957
371
2419
446
4891
3780
1478
2572
3177
2118
4379
3270
292
1454
4056
129
4889
1308
1453
2964
89
2445
157
2817
4492
2097
4364
4649
3099
1204
1097
3641
1119
4717
23
4393
4415
3649
3995
2617
4583
962
396
369
2825
3625
2027
3301
2318
3586
2369
2712
4243
1211
228
1222
4898
361
3705
193
2414
1287
3217
4212
3515
4986
3828
1254
3704
413
1977
1312
3064
3839
4091
2366
2318
2141
105
363
5
901
4060
2914
2953
2213
4862
3526
4682
3698
1822
3235
4578
3250
4678
3817
124
332
1428
3485
994
1317
1309
4516
3023
141
1671
3478
1659
789
4119
2968
1282
2094
3424
4779
3928
213
1464
2484
582
4808
4117
3478
3614
2974
376
1941
3084
2125
2654
4861
4965
1192
1774
2704
1535
478
515
3461
2181
1292
3392
3522
3578
2929
4454
663
2079
81
642
1398
4245
69
3730
3282
2489
852
894
4068
2220
2931
4326
3767
1930
1123
3762
3351
790
1622
4321
4239
2801
1899
1712
2931
4071
2573
4429
1338
4346
1152
3113
2912
1719
1229
164
4238
4988
837
5000
929
2029
4332
2015
69
36
4770
3168
2361
3823
1239
2684
4962
3456
2931
814
2648
446
2020
312
3931
4044
3503
3574
3089
1511
2822
1257
4456
2209
4683
4985
2159
2712
2875
4468
528
2579
4665
2581
3329
3394
552
432
3262
4310
2332
2040
4294
1569
901
3408
2712
158
2614
429
2873
3016
2140
2152
3497
3869
1573
2392
3573
3386
2083
4630
2570
2689
4465
4212
3562
2919
3122
2418
760
3357
48
1346
938
2727
2932
4180
3760
158
1968
2752
4305
3106
1818
1721
115
3675
4143
1772
4936
4116
2945
4790
292
753
3682
3684
522
466
3937
4121
4666
2181
2957
810
2216
4947
3360
1989
1744
2801
2249
657
1865
2949
2531
2950
588
4139
4221
625
4124
358
384
1042
212
3449
3301
3715
2527
3300
4245
618
503
102
2619
3489
2035
4556
4703
1126
4044
359
1736
4467
4036
3257
3904
2834
931
3594
1525
4429
4567
176
4428
673
1611
2690
2535
2187
1241
2900
1789
4983
2894
3881
4248
4343
4192
1853
1798
3553
4467
450
3830
2588
976
472
2967
4953
4442
3113
1162
2737
3497
3413
416
1737
4870
2366
468
4793
1860
2557
3763
3497
2841
90
2322
868
14
2598
820
3825
2141
2037
2379
2191
735
3160
2209
3157
3024
484
65
2982
1701
688
4
4871
4203
3950
3594
2577
1581
4943
3734
3429
117
3773
4129
551
356
4394
4068
4286
4088
4581
2833
4690
3352
4858
4188
4063
4336
4685
729
21
3212
178
2291
793
1424
2280
3131
4199
2005
2748
4813
431
2735
1486
2757
4122
3108
1656
2815
3512
434
2110
1088
4943
3130
3281
1105
941
483
3426
746
27
3397
4725
1485
4233
3562
2873
1665
2837
3462
4476
3410
3730
399
4145
1918
715
2187
3790
4265
817
4432
4109
1886
2775
592
3806
4036
1545
3205
4744
1748
130
1012
105
3719
1921
1401
1250
505
4622
2541
4868
3686
2756
2853
1261
995
1902
1085
1001
773
1544
3426
3270
4350
3265
1031
290
4188
1559
3479
2028
452
208
3138
1609
2928
3654
4632
4579
1063
4088
1466
783
2903
3542
4734
1228
1445
1027
3236
3738
3623
1038
2499
1655
2797
4197
1359
4294
4333
1789
970
3773
2023
4462
1365
954
2670
4285
4528
418
382
4560
3320
4147
316
2194
744
1856
1986
3219
1259
3511
983
3794
135
2327
1987
4885
1448
977
2941
4411
2573
3970
978
1750
295
4917
3696
507
1271
2242
2633
456
3183
2557
2877
1413
4892
2176
1776
3293
1558
2978
4554
2067
2332
4589
1609
1739
4674
3270
4602
4934
351
1110
3284
3869
1882
2418
3718
1953
4258
2715
2150
4145
2698
4147
3300
4850
3247
3466
2555
2123
3057
3862
974
1107
4596
4630
3590
2604
3112
3168
2082
3286
1055
697
3529
3299
4627
883
2312
3137
3453
4499
4591
3582
3059
389
82
3967
1351
4339
1764
1698
3506
4742
1068
278
3250
4003
806
3072
308
680
1930
575
4923
4216
4938
3631
1711
4
4054
3251
3796
471
3364
4616
2213
2780
2588
1371
4058
1684
4907
803
1675
415
2338
426
2838
1196
2682
1298
2601
2827
4959
4063
4621
1392
3179
3892
1279
3560
2701
4529
4628
2103
11
106
19
4088
638
1329
4475
3882
3566
2822
4756
3028
3867
1187
4704
288
2728
4366
3076
2234
3141
4800
16
1752
3073
3554
1842
4203
529
1704
4022
4979
3139
420
2584
2537
3730
4447
2822
1827
408
3515
2219
1491
2359
4659
1916
361
254
4002
763
1355
4729
2551
1102
370
2264
4368
1870
4990
2109
3851
3609
452
1883
3047
4963
3866
4879
318
508
1324
2231
929
3863
877
4729
1123
2907
2832
4006
945
4485
4191
105
890
1862
3395
3477
4169
4124
2827
535
1489
883
2253
80
2415
3993
4618
1016
4472
1229
4111
2927
3116
2532
4750
4971
4127
1160
601
3344
228
3383
3962
4714
3547
787
4256
935
46
3000
1282
3794
602
3536
2379
1842
2973
3850
1414
1537
4832
4061
1380
4570
1652
4983
3708
417
4936
3175
474
2064
3676
4637
838
4095
490
286
3166
1933
4131
4410
928
3669
4636
1348
2814
4151
3030
1849
1721
3745
4441
2295
3248
3886
2833
2163
489
1724
294
1532
1966
4347
1064
1952
4766
2458
457
1038
32
1598
2146
2090
112
2131
1117
3772
2615
4895
202
1967
3718
3568
4576
2491
4150
2617
2685
3200
4946
4342
1877
653
3338
2502
1879
311
2372
2463
489
4528
2332
381
4663
1192
910
4897
141
4758
2424
744
1517
3411
4143
4720
2096
232
291
4727
3368
4135
4655
658
3825
2626
2458
411
271
1144
2857
91
545
722
3568
2990
4938
4820
3798
453
802
4183
839
287
3319
4080
3634
2569
4168
3967
905
3460
837
4672
2001
2275
351
2012
2978
1330
1931
4265
2453
1422
2745
2784
1666
484
768
2231
2544
2315
4423
2519
1716
629
1797
2419
1763
1027
813
2287
4845
461
1255
2465
1443
4623
3687
2982
3935
265
1918
2515
2940
714
969
2927
1767
2994
2510
2230
612
1198
2331
3618
4471
2739
2261
4887
1682
1196
41
4757
4954
920
1484
387
1365
4575
359
2884
937
1973
1019
3451
4126
2210
4059
1678
1457
3979
2561
3248
859
3800
4477
2637
423
890
2368
1514
2070
2475
209
2480
388
3496
1230
415
2377
1367
812
3640
324
4601
4362
4614
217
319
2200
4821
1671
2337
2384
4615
4628
2413
2970
2936
4758
1121
1114
1407
1641
3967
1207
2004
3110
3942
1003
44
2575
470
1902
2691
909
252
373
3389
2274
4803
3233
743
4127
4135
4726
369
2680
1639
4430
688
870
605
3244
124
639
469
2535
4202
3041
1084
2915
3670
4097
2724
3525
2642
2924
4787
4346
158
1537
1509
3094
4112
2785
4465
2320
2916
3849
235
4119
3740
3773
3962
4658
1953
4213
1098
1274
877
1810
654
379
179
2517
2087
4082
499
3501
3964
4768
3660
640
2707
2981
4976
4853
3795
3086
3060
2620
1037
653
4486
3464
4147
2797
3687
3189
93
1198
3135
4481
3105
4500
1871
2528
4084
932
4238
3675
1209
230
1325
4427
588
3542
1733
3897
659
3365
3179
1382
1416
4951
3727
2432
903
1775
1747
3310
4181
842
4474
4065
453
3808
4043
3418
4503
2852
4137
2007
3933
3232
123
3936
2157
766
2821
4990
2519
4856
2686
2763
3879
4595
401
1357
2321
1537
1444
2873
3724
4234
4937
623
3680
2932
1757
1952
3549
1755
1006
4222
1310
1431
4575
3779
946
196
375
1824
3164
3714
441
4678
3830
1721
955
2820
3874
4447
1873
4403
2215
3958
1477
4034
3569
1496
4332
1334
3443
4135
61
1069
3324
944
470
3104
1269
4699
820
3744
1133
2922
3412
2133
4137
1159
4508
2138
2864
4115
205
2092
60
2507
1813
3448
3786
2267
1271
62
2325
741
1851
2602
1700
1854
773
2374
4674
3866
1787
3797
198
3313
1773
3479
3732
4642
2499
3196
4127
3315
3003
1539
2653
3164
85
122
4095
114
378
2204
1687
4074
3364
672
1775
87
2271
4529
1813
2721
2047
4632
2619
3202
3568
1494
1963
6
1448
895
1874
4246
2204
4046
4600
3920
1621
3972
483
449
4303
1557
4319
1187
3264
4661
2537
660
4511
3708
4260
4001
1078
3683
3169
2621
3219
3448
2955
2470
4615
3505
637
4192
3605
1209
4744
3662
2609
4767
1099
3542
2926
1690
3375
2733
1632
574
2380
306
4137
4885
567
1714
269
1488
4869
3092
1351
4251
827
1623
2052
1183
3059
4058
3787
1718
3247
1102
2808
2549
1577
713
1928
1515
2018
2634
1099
462
3191
606
4372
449
3852
46
1638
2040
445
4448
3942
3069
441
1754
4622
1514
1761
374
4094
4962
514
682
4207
1981
973
3351
980
1830
4486
1565
2548
42
1722
3689
910
814
1016
546
1694
1112
4605
4081
79
2502
2114
3804
1266
4075
2775
3523
1972
2145
2330
1870
554
2883
3013
570
704
2348
2143
3486
1716
2867
316
483
1415
2714
2949
4785
3452
2271
4472
1514
35
3868
4517
4907
1980
2597
1804
1049
3432
3138
1977
3491
1907
4512
4911
4109
749
2802
1072
1464
4421
3860
314
3394
2900
2813
20
515
4262
1764
1368
4963
2029
238
2285
3434
3048
3988
2284
2695
528
2972
1532
4998
2382
2700
3084
4430
1034
1303
1220
2588
3718
2267
366
294
4967
3886
3402
4419
3351
533
1195
1478
4145
4099
78
874
4342
4537
2566
4693
1981
3252
523
2682
891
3169
3870
1508
3468
2435
4333
284
2170
1022
4830
647
510
4324
323
3024
4625
545
3928
2098
320
1505
2671
2977
614
2537
4985
1202
34
1733
4748
1920
3855
2069
3586
2055
2501
2795
4730
1169
3596
583
1489
3658
3334
150
2921
1691
3204
1474
4171
3426
4045
1542
788
4799
4434
3832
3745
2505
3351
3212
475
445
426
4969
2111
2634
3489
1215
4815
895
1248
562
2415
182
2100
970
4119
782
1206
2626
1123
618
3727
433
2236
226
2128
3728
2689
3332
3841
3988
1407
1032
3763
2966
114
2982
4104
3246
1798
726
1367
1598
1301
2907
4164
829
338
3812
4145
2782
1687
102
239
2152
3447
3194
2518
4277
2538
2134
4818
1687
754
3672
1510
3135
2493
4947
2133
